%% ----------------------------------------------------------------- % 
% Dati 10 Fold Original dataset

% fold 1
Naive(1) = 0.7592592592592593;
Random(1) = 0.7962962962962963;
Tree (1) = 0.7222222222222222;
kNN(1) = 0.7777777777777778;
SVM(1) = 0.7777777777777778;
Logistic(1) = 0.7037037037037037;

% fold 2
Naive(2) = 0.6851851851851852;
Random(2) = 0.6666666666666666;	
Tree(2) = 0.6111111111111112;
kNN(2) = 0.6666666666666666;
SVM(2) = 0.7592592592592593; 
Logistic(2) = 0.6666666666666666;

% fold 3
Naive(3) = 0.5925925925925926;
Random(3) = 0.7222222222222222;
Tree(3) = 0.7222222222222222; 
kNN(3) = 0.7037037037037037;	
SVM(3) = 0.7592592592592593; 	
Logistic(3) = 0.7222222222222222;

% fold 4
Naive(4) = 0.7735849056603774;
Random(4) = 0.8113207547169812;
Tree(4) = 0.6792452830188679;
kNN(4) = 0.7547169811320755;
SVM(4) = 0.7547169811320755;
Logistic(4) = 0.7358490566037735;

% fold 5
Naive(5) = 0.7924528301886793;
Random(5) = 0.7735849056603774;
Tree(5) = 0.7735849056603774;
kNN(5) = 0.7735849056603774;
SVM(5) = 0.7547169811320755;
Logistic(5) = 0.6981132075471698;

% fold 6
Naive(6) = 0.7547169811320755;
Random(6) = 0.7735849056603774;
Tree(6) = 0.7169811320754716;
kNN(6) = 0.7358490566037735;
SVM(6) = 0.7547169811320755;
Logistic(6) = 0.7358490566037735;

% fold 7
Naive(7) = 0.6981132075471698;
Random(7) = 0.7198609731876862;	
Tree(7) = 0.6415094339622641;
kNN(7) = 0.7547169811320755;	
SVM(7) = 0.7169811320754716;	
Logistic(7) = 0.7358490566037735;	

% fold 8
Naive(8) = 0.7169811320754716;
Random(8) = 0.7358490566037735;
Tree(8) = 0.7358490566037735;
kNN(8) = 0.6981132075471698;	
SVM(8) = 0.7169811320754716;
Logistic(8) = 0.7358490566037735;

% fold 9
Naive(9) = 0.6981132075471698;
Random(9) = 0.7547169811320755;
Tree(9) = 0.6792452830188679;
kNN(9) = 0.7735849056603774;
SVM(9) = 0.7358490566037735;
Logistic(9) = 0.7924528301886793;

% fold 10
Naive(10) = 0.8113207547169812;
Random(10) = 0.7924528301886793;
Tree(10) = 0.660377358490566;
kNN(10) = 0.7547169811320755;
SVM(10) = 0.7169811320754716;
Logistic(10) = 0.6981132075471698;



