%% ----------------------------------------------------------------- %%
% Prova 1 SMOTE

% fold 1
Naive(1) = 0.6857142857142857;
Random(1) = 0.7285714285714285;
Tree(1) = 0.7714285714285715;
kNN(1) = 0.8142857142857143;
SVM(1) = 0.7;
Logistic(1) = 0.6571428571428571;

% fold 2
Naive(2) = 0.7285714285714285;
Random(2) = 0.7714285714285715;	
Tree(2) = 0.6571428571428571;
kNN(2) = 0.7714285714285715;
SVM(2) = 0.7571428571428571;
Logistic(2) = 0.7285714285714285;

% fold 3
Naive(3) = 0.8;
Random(3) = 0.8857142857142857;
Tree(3) = 0.8142857142857143;
kNN(3) = 0.8857142857142857;
SVM(3) = 0.8;
Logistic(3) = 0.7428571428571429;

% fold 4
Naive(4) = 0.7428571428571429;
Random(4) = 0.8;
Tree(4) = 0.8571428571428571;
kNN(4) = 0.7714285714285715;
SVM(4) = 0.7;
Logistic(4) = 0.7;

% fold 5
Naive(5) = 0.7142857142857143;
Random(5) = 0.8142857142857143;
Tree(5) = 0.7285714285714285;
kNN(5) = 0.8428571428571429;
SVM(5) = 0.8;
Logistic(5) = 0.7714285714285715;

% fold 6
Naive(6) = 0.6714285714285714;
Random(6) = 0.7714285714285715;
Tree(6) = 0.7285714285714285;
kNN(6) = 0.7285714285714285;
SVM(6) = 0.7571428571428571;
Logistic(6) = 0.7571428571428571;

% fold 7
Naive(7) = 0.7536231884057971;
Random(7) = 0.7681159420289855;
Tree(7) = 0.7681159420289855;
kNN(7) = 0.8260869565217391;
SVM(7) = 0.6811594202898551;
Logistic(7) = 0.7246376811594203;

% fold 8
Naive(8) = 0.7971014492753623;
Random(8) = 0.7681159420289855;
Tree(8) = 0.7971014492753623;
kNN(8) = 0.8115942028985508;
SVM(8) = 0.7681159420289855;
Logistic(8) = 0.7536231884057971;

% fold 9
Naive(9) = 0.782608695652174;
Random(9) = 0.8115942028985508;
Tree(9) = 0.8115942028985508;
kNN(9) = 0.8840579710144928;
SVM(9) = 0.7246376811594203;
Logistic(9) = 0.7101449275362319;

% fold 10
Naive(10) = 0.7101449275362319;
Random(10) = 0.7101449275362319;
Tree(10) = 0.6521739130434783;
kNN(10) = 0.7681159420289855;
SVM(10) = 0.782608695652174;
Logistic(10) = 0.7681159420289855;



