%% ----------------------------------------------------------- %
% Prova 1 Data Aug

% fold 1
Naive(1) = 0.7222222222222222;
Random(1) = 0.7870370370370371;
Tree(1) = 0.9120370370370371;
kNN(1) = 0.9814814814814815;
SVM(1) = 0.7592592592592593;
Logistic(1) = 0.7129629629629629;

% fold 2
Naive(2) = 0.7314814814814815;
Random(2) = 0.8287037037037037;
Tree(2) = 0.8981481481481481;
kNN(2) = 0.9722222222222222;
SVM(2) = 0.8194444444444444;
Logistic(2) = 0.7361111111111112;

% fold 3
Naive(3) = 0.7222222222222222;
Random(3) = 0.8240740740740741;
Tree(3) = 0.9074074074074074;
kNN(3) = 0.9814814814814815;
SVM(3) = 0.7870370370370371;
Logistic(3) = 0.7222222222222222;


% fold 4
Naive(4) = 0.7638888888888888;
Random(4) = 0.8611111111111112;
Tree(4) = 0.9120370370370371;
kNN(4) = 0.9861111111111112;
SVM(4) = 0.7870370370370371;
Logistic(4) = 0.7546296296296297;

% fold 5
Naive(5) = 0.7395348837209302;
Random(5) = 0.8372093023255814;
Tree(5) = 0.9255813953488372;
kNN(5) = 0.9674418604651163;
SVM(5) = 0.7534883720930232;
Logistic(5) = 0.7488372093023256;

% fold 6
Naive(6) = 0.7534883720930232;
Random(6) = 0.8511627906976744;
Tree(6) = 0.906976744186046;
kNN(6) = 0.9534883720930233;
SVM(6) = 0.8046511627906977;
Logistic(6) = 0.7906976744186046;

% fold 7
Naive(7) = 0.7162790697674418;
Random(7) = 0.8511627906976744;
Tree(7) = 0.9348837209302325;
kNN(7) = 0.9767441860465116;
SVM(7) = 0.7906976744186046;
Logistic(7) = 0.772093023255814;

% fold 8
Naive(8) = 0.7162790697674418;
Random(8) = 0.8465116279069768;
Tree(8) = 0.9348837209302325;
kNN(8) = 0.9813953488372092;
SVM(8) = 0.8093023255813954;
Logistic(8) = 0.7674418604651163;

% fold 9
Naive(9) = 0.7395348837209302;
Random(9) = 0.813953488372093;
Tree(9) = 0.9209302325581395;
kNN(9) = 0.9813953488372092;
SVM(9) = 0.813953488372093;
Logistic(9) = 0.7488372093023256;

% fold 10
Naive(10) = 0.7255813953488373;
Random(10) = 0.8186046511627907;
Tree(10) = 0.8697674418604651;
kNN(10) = 0.9674418604651163;
SVM(10) = 0.7767441860465116;
Logistic(10) = 0.7395348837209302;



